-0.00885614 0.074327 
-1.96408 -0.268853 
1.00252 0.370387 
-0.676758 -0.369793 
-1.50182 0.628675 
-0.316135 -0.890187 
2.81944 -0.772488 
1.03389 0.130428 
-1.10337 -2.34738 
-0.819355 0.150802 
-0.281905 0.687799 
-1.05626 -0.50467 
0.643695 0.343548 
-0.594552 -0.109651 
0.475917 0.982356 
0.94657 -1.01622 
-0.289107 -0.709695 
1.00477 -2.1642 
0.00183227 -1.16601 
-0.533843 -0.94117 
-0.930561 -0.314494 
-0.0380511 -1.31906 
0.300076 -0.16016 
0.24156 -0.10481 
-0.837605 0.863856 
0.509936 -0.121543 
-1.57202 -1.56142 
0.216381 -0.728297 
-0.46517 0.305042 
0.0748676 -0.0281847 
0.847239 -0.873958 
0.164203 -1.41209 
0.0207033 0.329982 
0.521426 0.682938 
0.429358 1.84274 
0.0263333 -0.945082 
1.74917 -0.224719 
0.115428 -0.592525 
-0.126657 0.544713 
-1.84822 -1.07093 
-1.91359 0.199074 
-2.14806 0.960572 
-0.10873 2.56605 
-0.625949 -1.70429 
-0.453725 0.569128 
1.38061 0.872666 
1.51311 -0.0709339 
-1.09397 -1.25023 
-1.01477 -0.25069 
0.865496 0.869887 
-1.19929 1.45865 
-0.0848246 0.430587 
0.0124217 -0.240792 
-0.172889 -0.596812 
-1.04071 -0.895886 
-0.604813 -1.07155 
-0.224529 0.112739 
0.651636 2.87973 
-1.05894 -0.124477 
1.17049 0.23763 
-0.13895 -0.585499 
1.2346 -0.742366 
-0.635185 -0.421378 
-1.23247 -2.03013 
0.000310862 0.215849 
-0.556504 -0.0719563 
0.123603 1.15544 
0.222541 1.75515 
1.07671 -0.317318 
-0.166292 -0.443358 
1.89821 0.969782 
0.284186 0.575917 
-0.693913 0.00363132 
0.889523 0.272782 
0.24298 -1.08375 
-1.06027 0.539939 
1.31299 -1.15373 
-1.07787 1.20627 
0.0350364 0.527897 
1.18314 -0.790847 
0.641883 -0.166688 
0.509733 -0.253886 
-0.966563 0.256495 
0.131938 0.57162 
-0.163898 2.18018 
0.621123 -0.545999 
-0.61657 -0.284161 
0.44351 -0.295178 
-0.500717 -1.12984 
-1.1478 1.36294 
1.22908 -0.77413 
1.33198 1.40683 
0.135475 -0.621174 
-2.22947 0.24773 
-0.645064 -0.124458 
0.431133 -0.995997 
1.03169 -0.679456 
-0.885851 -0.756617 
0.434799 0.37849 
-0.12332 0.336432 
1.52802 -0.777269 
-1.5458 0.650726 
0.0829077 -0.0156698 
0.503322 -0.417004 
0.949963 -0.561932 
-0.458361 1.15131 
0.237043 -1.10929 
-0.380765 -1.40332 
-0.334986 0.464361 
0.779312 2.7627 
0.453473 -0.454548 
0.03 0.143216 
-0.0110088 0.982472 
0.938928 0.598875 
-0.350616 -1.36539 
-0.419856 1.16987 
-1.28406 0.676908 
-1.08909 -2.70315 
0.663403 -0.276246 
0.0390239 -0.55256 
1.99825 1.18793 
0.773048 -0.991738 
-0.615067 -0.348108 
-1.14504 1.01707 
-1.2941 0.584444 
0.35666 0.193376 
1.33614 1.01989 
-0.757408 2.46814 
0.898813 -0.130795 
-0.713995 0.674844 
-1.46243 1.22897 
2.03016 -2.24977 
-0.448929 2.6746 
0.408537 1.17057 
0.531117 0.724092 
-0.862114 -0.0625364 
-0.516712 -0.239258 
1.03438 -1.91167 
1.27998 -0.434774 
-1.38977 -1.07907 
0.562245 0.496599 
0.418682 -0.825886 
0.367203 -2.22074 
0.631237 -1.66761 
0.964177 -1.14796 
1.5728 1.39883 
-1.26091 -0.204079 
1.52053 0.903165 
-0.140517 -1.26303 
-0.360272 1.53287 
0.507005 0.61475 
-0.237108 -0.86423 
1.18923 0.705035 
-0.730726 -0.454961 
-1.60083 -0.19293 
-0.902028 0.213282 
0.143898 2.64148 
-0.139398 -0.918978 
-0.75332 0.544596 
0.564749 -0.00662432 
1.30223 0.954639 
-0.395405 -0.189819 
0.343943 -0.521526 
1.05639 0.719082 
-0.266805 1.33423 
-1.49751 -0.189133 
1.32489 -0.00960664 
0.549906 -1.48297 
-1.27128 0.275676 
-1.97948 -0.0371585 
0.680705 1.14717 
1.28698 1.09846 
-0.736688 -3.13343 
-0.409871 -0.645275 
-1.19819 -1.17258 
-0.959708 0.292029 
-1.66623 -0.80726 
-1.71016 -0.251683 
-0.320631 -0.98282 
-0.620671 0.516418 
0.276316 -0.376002 
-0.907805 0.0154224 
2.11945 0.0837444 
-1.2201 -1.35167 
0.0306693 -0.461445 
0.545873 1.87537 
-0.741517 2.31834 
-1.9864 1.55476 
0.184823 0.164947 
0.537418 0.0749469 
-1.58562 1.90302 
-0.533694 1.24228 
-0.47694 -0.931025 
0.640091 0.374746 
0.538244 1.30184 
0.948597 1.45123 
1.0392 0.882889 
-0.492227 -2.04161 
-0.0702889 -0.401292 
-0.545363 -0.309389 
-0.0543428 1.02014 
-1.53129 1.54485 
-0.63013 -1.24249 
-0.202405 0.463681 
2.1944 2.04978 
0.206418 2.13121 
-0.292021 1.31532 
-0.577055 -0.162894 
-1.40698 0.500588 
0.340396 1.20273 
0.609134 -1.92159 
0.851416 -1.53566 
0.267057 -0.269369 
-1.13397 -0.887319 
0.879759 0.0705707 
0.510132 0.755454 
-0.418295 -1.05396 
-0.460849 -0.0619963 
-0.730218 -0.0916571 
1.03755 -0.674083 
0.570878 0.22103 
-1.61396 0.304128 
2.10706 0.327726 
-0.0892535 0.371156 
-0.106219 0.327472 
0.19028 -2.1457 
2.35591 -0.664292 
0.406869 -1.27272 
-0.497935 0.730195 
-0.316571 0.57768 
0.113678 0.489819 
-0.372557 -1.48556 
0.952915 1.03365 
0.668524 1.55037 
-0.87131 -0.677295 
1.38184 0.89011 
0.401546 1.32282 
-0.571152 0.535432 
-0.356923 -1.68964 
-0.294098 -0.308506 
0.632728 -0.489719 
0.324015 -0.835658 
-0.0671726 0.595798 
2.34907 -0.314816 
1.09492 -0.719323 
-0.956186 0.748317 
0.649807 0.034152 
-1.13638 -0.889167 
0.776865 -0.174478 
-0.135435 1.98029 
-0.205775 -0.683795 
-2.30318 0.443383 
-0.943285 -0.232722 
-1.49225 -0.451248 
0.696363 0.293554 
0.766713 1.66007 
0.304698 -0.155704 
-0.317747 1.76921 
0.071385 -0.340792 
-1.90989 0.198575 
-0.128233 -0.430282 
0.344906 0.232783 
3.90264 -0.0850165 
1.76122 -0.638685 
-0.15671 0.361473 
-0.732108 -0.303919 
-0.883894 0.542519 
-0.398224 -0.16189 
0.797372 1.40031 
-0.0161032 1.4831 
0.638459 1.05505 
-0.362283 -1.27619 
-2.62595 -0.881089 
-1.55676 -0.511427 
0.606561 -1.80863 
0.311863 0.660817 
-0.942128 1.97856 
0.844457 -1.62614 
-0.437143 0.0756939 
0.811287 0.837826 
0.134213 0.496603 
0.981919 0.873743 
0.707933 0.0259718 
-0.066857 0.770972 
-2.40587 -1.31532 
0.563802 -0.716505 
-0.956341 -0.623083 
1.60856 0.582407 
0.721722 1.68427 
-0.279374 -1.22364 
0.733892 -0.930533 
-0.319159 1.04946 
1.27654 -0.37253 
0.638771 -0.249187 
-0.640372 1.38693 
-0.468559 0.162649 
-0.589598 0.20988 
-0.453077 -0.16851 
0.656451 0.532514 
0.437794 0.0156923 
0.0980823 0.0559759 
-0.240555 0.0820606 
1.14109 0.443981 
-0.410041 0.476451 
0.0328464 0.84536 
-0.0870056 -0.359184 
0.672049 -0.15264 
-0.129227 -1.01303 
0.297082 -1.46493 
1.52864 -0.398887 
1.42222 -3.31121 
-2.7496 0.22709 
1.65949 -0.843207 
-2.47532 -0.471158 
1.64774 0.0718205 
0.471556 -1.47017 
1.40199 -1.67054 
-0.0899919 1.93972 
0.228047 -1.24274 
-0.933535 -2.18839 
-0.27725 0.4468 
-0.614478 -1.70197 
2.47582 -1.10835 
1.18326 -0.782575 
0.433034 -0.717326 
1.72202 0.140468 
-1.98166 -1.35844 
-1.33439 -0.360079 
-0.498617 -1.55033 
-0.385222 -1.03958 
-0.731302 0.9491 
-0.236693 1.09332 
0.0876587 -0.329395 
0.238127 0.839313 
-0.549702 0.018453 
0.545957 -1.13991 
0.154196 -1.40193 
0.176706 1.02611 
-0.61562 -1.20087 
-0.780368 0.776944 
0.584945 0.606567 
-1.35861 0.291958 
-0.680972 1.84503 
0.520962 1.55076 
1.00988 1.00078 
0.806568 2.29446 
0.819041 0.334145 
-1.43964 1.05416 
1.88551 0.561215 
-0.914354 0.190069 
1.92562 -0.106479 
-0.33014 0.743081 
-0.201023 0.993702 
1.48678 -0.0376523 
0.599238 0.725095 
-0.395019 1.36784 
0.647746 -1.98464 
-0.715767 -1.03584 
0.0208972 0.103233 
-0.131755 -1.12053 
-2.92362 -1.02323 
0.0957624 -0.939697 
0.00513295 0.255754 
-0.798042 0.247837 
-1.15527 0.195105 
-1.35681 -0.108223 
0.874153 0.416674 
0.397715 -1.16268 
0.0573057 -0.862201 
1.21759 1.53485 
0.188587 0.604089 
-0.554932 -0.241129 
-0.956304 0.204112 
-0.744731 -1.09106 
-0.597459 -0.652668 
0.902757 -0.495282 
0.16418 0.614143 
0.371012 -2.08297 
2.19892 -1.74933 
0.0192539 1.3994 
0.225667 -0.588604 
-0.201552 -0.233647 
-0.745253 -0.438498 
0.861537 -1.28627 
1.4039 -0.538646 
0.582687 -1.31762 
0.96908 -0.835893 
-0.129114 -0.83573 
-0.186215 0.00655081 
-0.599154 0.458027 
1.30712 0.18754 
-1.14727 -0.254075 
1.23504 0.687512 
0.258951 1.21607 
0.948557 -0.691048 
-0.166583 0.418136 
-0.477066 -0.0182487 
1.2741 0.806454 
-0.482257 0.789931 
0.556388 0.771007 
0.248544 -0.24231 
0.199701 0.56369 
-1.75172 0.208673 
0.198895 0.219925 
-0.80365 -0.380098 
-1.54519 -0.0989137 
0.317046 1.0317 
-0.146101 0.397742 
-0.0445485 -1.33586 
-0.116956 0.17286 
-0.93399 0.538987 
-0.413343 1.29843 
0.765031 -0.327681 
0.15864 -0.363916 
-0.827605 -0.640435 
-1.50421 -1.62515 
0.0248981 1.49448 
-0.430606 0.945964 
1.56238 -0.0807343 
2.37878 0.49928 
-1.65459 0.70887 
0.256534 0.32565 
0.8494 -0.0611865 
-0.409487 1.42279 
-1.09048 -0.135969 
0.120533 -0.902322 
-1.40521 -0.145821 
0.091909 -0.420744 
-1.46851 -1.09027 
0.410714 -1.17547 
1.11842 1.59778 
0.127747 -1.27443 
-0.0402359 -1.36996 
1.07278 0.996439 
0.528088 0.789359 
-0.0935551 0.104848 
0.403059 -0.65386 
1.4415 0.0341068 
0.894029 0.568362 
-0.982869 1.02719 
-1.01881 -0.118069 
0.141526 0.504653 
0.719401 0.287091 
0.828731 -0.232476 
0.390434 0.500805 
1.76125 0.465208 
-0.672701 0.285939 
0.289251 1.53279 
1.8925 -0.10925 
-1.27975 1.23682 
0.25598 0.262817 
0.809629 -0.38449 
-1.08772 0.665375 
-0.488396 -0.0631319 
1.00012 0.0384143 
-1.53599 1.27362 
1.23033 -0.61796 
-0.159272 1.01724 
0.521186 -0.10276 
-0.205888 -0.485025 
-0.498252 1.98647 
0.262074 0.563309 
-1.25111 0.536319 
-1.20645 -0.129623 
-1.78641 -0.210094 
1.46661 -0.19157 
-0.368586 -1.13165 
-1.25187 0.27011 
1.40435 0.113484 
-1.21377 1.86484 
-1.33755 -0.560906 
-0.0873234 -0.300782 
-0.200353 0.237249 
0.263803 -0.803346 
-0.298453 -0.934918 
0.421293 -0.652912 
-1.48523 1.13119 
-0.693698 0.660572 
-1.9911 -0.239734 
0.276812 -0.10202 
0.113689 -0.466447 
0.257264 0.253662 
0.350221 0.546155 
-1.61077 -2.73668 
0.892378 -0.7695 
1.40378 0.66339 
-0.263584 -1.33515 
-1.34323 0.0998584 
-1.66285 0.324871 
-3.24672 1.01152 
-0.338202 0.165134 
-0.146623 1.63746 
-1.01686 -0.51759 
-0.978815 -0.363974 
0.525797 0.0259539 
-0.494768 -0.00179064 
0.132437 -0.262169 
-0.0110917 0.475431 
2.13476 0.260149 
1.10022 0.969833 
0.868938 -1.30654 
0.18674 -2.2942 
0.0778423 -1.34658 
0.252106 1.70711 
0.405026 -1.29995 
1.15137 -0.614398 
-0.669912 0.36295 
-0.785307 0.978653 
0.623049 -0.39158 
-1.09005 -0.0190591 
0.468354 -0.308247 
0.630071 -0.580479 
-0.440204 1.61731 
-1.18182 -0.943717 
1.56718 0.564113 
1.17056 -1.40158 
0.63304 0.88804 
0.740608 -1.10431 
-0.43445 0.647164 
-1.57152 0.318672 
1.63971 1.57576 
0.922631 -1.66049 
0.426736 -1.16975 
0.252175 1.00981 
0.258259 -0.257816 
0.510575 -1.02278 
0.955597 -0.222379 
0.0852175 -0.676885 
-0.720426 0.726671 
-0.616271 -1.90989 
-1.86968 -1.08218 
-0.553681 -1.17443 
-0.639487 0.288445 
-0.0225845 0.897722 
-1.64698 0.636957 
-1.15561 -1.1834 
-0.361778 -0.278707 
0.110833 0.478381 
1.55311 0.0297807 
0.968501 0.429817 
2.05389 1.37519 
-0.49721 0.0016716 
0.888898 0.31487 
0.684316 0.116067 
1.61038 0.540506 
1.69564 0.0722364 
-0.181204 0.311178 
1.33165 0.864171 
-1.49248 0.0839174 
0.0869545 -0.258489 
-1.53135 -0.256601 
-0.198701 -1.49655 
1.11828 2.35409 
0.222809 -0.489278 
-1.96593 0.406298 
-2.04398 1.06218 
1.65195 -0.0492809 
-0.18513 -0.830795 
1.10301 0.0558643 
1.23847 -0.240078 
1.40084 0.537447 
-0.28488 -1.23611 
-0.254831 0.0404067 
1.1658 -0.190585 
0.949268 0.502947 
0.345249 0.0696621 
-1.52441 -2.09442 
-1.00247 -0.185259 
-0.9231 0.480238 
-0.182119 -1.18923 
1.16754 -0.487368 
-1.39082 1.16036 
-0.480116 1.11668 
-0.434745 -0.481823 
0.896314 -1.10923 
0.0664457 0.477786 
0.0315154 0.634014 
-0.398946 0.0574298 
0.0557495 1.60763 
-0.646964 0.318309 
1.24536 -0.865351 
1.18695 1.82726 
-0.0140222 -0.768386 
-0.0745933 1.01443 
-0.200691 -2.20945 
-0.674594 1.68776 
0.279993 -0.408805 
-0.855855 -0.554258 
-0.269241 0.952883 
0.964943 0.536854 
0.888055 1.92631 
-0.105577 2.21872 
0.821118 1.39156 
-0.825637 0.255521 
0.357688 0.342556 
0.290872 0.67067 
-0.765518 1.67389 
0.309213 -0.98185 
1.62696 -0.433786 
0.824544 1.54566 
-0.992345 -0.574235 
-0.128078 -0.810321 
-1.2756 0.89242 
0.877277 1.01524 
0.227256 -1.81049 
0.65643 -0.811092 
0.596101 0.0313674 
-1.81974 -0.296084 
-0.207558 0.0193528 
1.03965 -0.685443 
0.197991 0.537107 
1.7272 0.68777 
-0.554237 -0.63495 
1.47505 0.078737 
1.91212 -0.141538 
-0.107691 -0.969255 
-0.0108646 -0.455273 
0.742028 -0.645465 
-0.0568599 -0.536522 
1.25681 0.776154 
0.00158596 1.57724 
-0.858569 -0.0435953 
0.0443317 0.531082 
0.496757 0.0304377 
-1.0623 1.84811 
0.74898 -1.23592 
0.918119 0.0476492 
0.241223 -2.08545 
1.02369 -0.28025 
-0.164856 2.62922 
0.140657 -0.329465 
0.154681 0.475766 
-1.21599 1.09295 
1.71552 -1.28433 
0.359921 -0.647908 
-0.398526 -0.715909 
-1.86278 -0.0377521 
0.142502 -1.32396 
0.103877 0.637566 
-1.65624 -0.320397 
1.68428 0.101161 
-0.137641 1.47727 
0.309881 -0.375724 
-2.40208 -0.00410384 
0.105791 2.29588 
1.56617 -0.689776 
1.58361 1.05611 
-0.463385 -0.511845 
-0.533251 0.312705 
-0.349279 -2.37487 
-1.00726 0.336846 
1.31291 0.626138 
0.371982 0.119354 
-0.188305 0.283801 
0.628182 0.500678 
0.296675 -0.149643 
-2.01004 -0.118183 
0.216105 -1.21197 
-0.967229 0.602803 
1.62775 0.799028 
-0.956248 0.0132297 
0.604189 -0.666046 
-1.47561 -1.99943 
-0.139879 1.53842 
0.0493303 0.558929 
0.00882162 1.02086 
-0.457128 -1.98275 
1.15797 1.41116 
1.78424 -1.7916 
0.615562 1.36792 
-0.887769 0.149734 
-0.0596699 -0.621743 
0.616337 -0.0682416 
0.0383126 0.0073147 
0.0163263 -0.0227782 
0.786482 -1.01146 
0.0882592 -0.202642 
-0.159097 -1.27526 
-0.113362 0.365395 
-1.30951 0.0575399 
-1.196 1.48013 
0.204551 0.882736 
0.661649 1.17935 
-1.10594 -1.07294 
1.23809 -1.16839 
-1.40467 -0.464936 
-1.80385 0.234151 
1.84624 1.013 
-0.549552 0.201211 
-0.224605 -0.20377 
-0.673111 0.255771 
-0.023307 -1.20256 
0.872077 -0.422999 
-1.09662 0.297297 
1.55765 1.1067 
-0.907777 0.134061 
-2.47949 -0.482586 
-1.77919 -0.414045 
-0.732469 -0.333404 
-0.0501768 1.2296 
0.540348 -1.29575 
1.18943 0.65709 
-1.89414 0.807962 
-0.76239 0.391556 
0.982634 -0.851331 
0.0295204 -1.11075 
-0.746789 -0.546231 
1.00396 -0.49692 
0.303522 -0.262611 
-0.675472 0.294532 
-1.16898 -1.89113 
-0.735661 -0.964703 
-0.139692 -1.42167 
0.464151 -0.137209 
1.70875 1.16942 
0.84389 0.210833 
-0.513715 0.739705 
0.171572 0.00481621 
0.371439 0.609433 
-0.419238 -0.228123 
-0.139747 0.18546 
-0.487253 1.40483 
-2.62878 -0.061867 
0.877473 0.172736 
0.813466 -0.276017 
0.344502 1.42294 
-0.551086 -0.618073 
-1.0138 0.480825 
-0.550731 0.0133451 
0.732033 -0.962092 
-2.05193 1.41831 
-1.49914 0.693802 
-0.73246 -0.517534 
1.07595 0.786991 
-0.545577 0.458164 
-1.2788 1.71432 
1.19131 -1.02042 
-0.990752 -0.785756 
1.61725 -0.99652 
0.47058 -0.447423 
-0.844586 -1.2334 
-0.636912 0.639941 
0.305261 -0.213817 
-0.650844 1.87929 
1.58876 -0.362896 
-0.330526 -0.412509 
1.00406 0.0600555 
0.0722712 0.0105778 
-0.26074 -0.249451 
-0.0421181 -0.427679 
-0.886026 -0.83532 
-0.591508 0.985858 
1.39175 1.01062 
-2.94836 0.134024 
1.70343 0.406177 
1.19107 -0.514578 
-0.746109 -1.3771 
0.53442 -0.865642 
1.03714 -0.419352 
-0.915555 1.5258 
1.82548 0.966314 
0.0862298 0.342077 
-0.519251 -0.184035 
-0.537589 -2.20243 
0.798387 0.90074 
-0.251648 -0.316518 
1.24758 0.117208 
0.949264 -1.56971 
-1.20305 -1.54014 
0.398003 1.15751 
0.712885 -1.3127 
-0.466008 -1.46687 
0.0875028 -0.0551473 
0.281618 -0.374359 
0.00650419 -0.849543 
1.5836 0.298731 
0.317713 -0.355853 
-1.34877 -1.18052 
0.706112 1.00787 
-0.977517 -0.524284 
1.76769 1.05381 
-1.9056 0.0729369 
-2.07356 1.68829 
1.2345 0.336682 
0.833911 -1.26811 
0.242847 -0.0620184 
-2.21447 1.10418 
0.458806 1.02742 
2.87032 0.677205 
0.0385516 -0.671621 
1.2952 0.813962 
1.20499 -1.00018 
0.114289 0.237545 
0.265347 -1.99533 
0.318378 -0.169956 
0.619534 -1.84407 
0.518124 -1.35548 
-0.920784 0.231558 
0.060882 -0.0371028 
0.888421 -0.241024 
0.435394 -0.279546 
-1.24617 -0.467077 
-0.400544 -0.08252 
0.490235 -0.0514858 
0.186377 -0.351257 
-0.596456 -1.67705 
1.23788 -1.07287 
1.71227 -2.11737 
-0.27595 0.449584 
1.12057 -1.25696 
-0.0988508 -1.87579 
0.0365567 -0.898998 
-0.0953323 -0.038055 
-1.7119 -0.626018 
0.809987 1.09904 
0.00680157 -0.725413 
-0.681259 -0.580388 
-0.683142 -1.59174 
-0.771158 -0.0907839 
0.570526 2.65934 
-0.755947 0.703408 
-1.58471 0.244818 
-0.548078 0.146471 
1.11347 0.176562 
-2.50118 -1.63749 
1.25881 -0.897921 
2.0703 -0.407523 
2.11195 -1.48114 
0.529132 -0.646695 
-0.325772 -1.10011 
-1.23146 1.07191 
0.71173 0.938627 
-0.3861 1.52683 
0.11253 0.91316 
1.95149 -0.211007 
-0.439274 1.94368 
0.807747 0.357899 
-0.935417 0.104969 
-0.500476 0.648963 
-1.33491 0.117294 
-1.77402 0.327885 
0.0118522 0.726468 
0.834037 0.371022 
-0.0269862 -0.86278 
-0.876753 0.924524 
-0.665542 -0.878586 
0.021287 -0.717964 
-0.872028 0.947995 
-1.05011 1.36839 
-0.0300053 0.724558 
0.696721 0.260204 
1.5088 0.300354 
0.108974 0.0251609 
1.00685 0.0769393 
-0.692511 -0.221691 
1.01405 0.638529 
0.252359 0.306526 
0.393239 1.35998 
-0.61647 1.4217 
-1.0868 -0.194012 
0.532028 -0.102699 
1.65833 0.556781 
0.111541 0.186735 
-0.56509 2.49589 
-0.603673 0.722589 
-0.430412 0.115216 
0.829369 0.449641 
0.482443 1.4272 
-1.04612 0.864025 
0.8363 -1.5252 
0.481523 -1.14221 
0.184536 2.65105 
-0.0837564 0.0967883 
-0.158997 -1.29681 
0.462069 1.56932 
-1.32188 0.626911 
-0.421293 0.497297 
0.411278 1.0751 
0.488022 0.348483 
-1.3782 -0.711821 
-0.466729 -0.631274 
0.955041 0.308418 
0.0248437 -0.436734 
-0.0286217 -0.867829 
-0.0627522 -0.0630579 
-1.76827 0.285999 
0.40436 0.56012 
-1.17062 0.555944 
1.06402 1.30316 
-0.681256 1.00172 
-0.538822 1.83347 
0.713549 -0.816456 
-0.728187 -0.801796 
-1.63737 1.88174 
0.89602 1.83112 
-0.442492 0.0656479 
0.457622 -0.436563 
0.332917 0.572806 
0.118634 2.89725 
-1.02405 0.491977 
0.044295 -1.66756 
0.637483 0.579239 
0.0748136 0.293382 
-0.128732 -1.73558 
-0.40344 0.194927 
1.10433 1.40523 
-0.559111 -0.89852 
-0.9949 -0.799235 
-0.694761 -1.11102 
-1.28123 0.541811 
1.37873 0.41691 
-1.75706 -2.56267 
-0.600068 1.53 
-1.55522 0.759744 
-0.542968 -0.436311 
1.74504 1.81192 
-0.668007 -0.712781 
-0.11128 0.29481 
-0.379195 0.967191 
-0.917271 -0.566256 
1.16805 -0.180956 
1.72974 -0.022562 
0.689017 0.054123 
1.90848 -1.10306 
0.856525 -0.956423 
-1.95983 0.258748 
-0.219588 0.242079 
0.0122104 -0.546123 
-0.348857 -0.107477 
0.596184 0.210141 
0.296054 0.141472 
0.0398105 -0.558009 
1.55754 -1.17066 
-0.458054 0.438686 
0.686211 0.0588841 
0.482164 -0.48917 
1.19143 1.65821 
-1.32081 -0.0666732 
0.0932387 0.902413 
1.06457 -0.320802 
0.575656 -1.70699 
-0.27492 -1.55996 
0.789075 0.571464 
1.06652 -0.827923 
1.13216 0.1339 
-0.0972547 -0.613811 
0.561077 -1.43363 
0.694547 1.17399 
0.738355 -0.236086 
-1.40034 1.53807 
0.170935 -0.337093 
-0.510368 -0.474674 
-0.915408 0.240612 
-0.923008 0.637643 
-0.68719 -0.798452 
-0.929893 -0.0762913 
-0.985714 -0.414693 
0.455518 0.201182 
-0.567666 0.167853 
-1.41864 1.83936 
-1.32616 -0.876543 
-0.13173 -1.03409 
0.414836 0.360109 
0.259516 0.930832 
-0.849718 -0.299662 
-1.44535 0.725358 
0.596039 -1.08603 
0.120779 -1.2868 
1.25162 0.911426 
1.289 0.159796 
-0.677547 0.112424 
0.837633 0.0313174 
0.331673 -0.417407 
-0.657775 0.140884 
1.25032 0.835368 
-0.162594 1.12742 
0.726556 -1.64151 
0.459211 0.954381 
-0.966028 -1.47785 
1.52936 -0.980792 
-1.60642 3.0372 
-0.210528 -1.17801 
1.77819 -1.61453 
0.591063 0.192508 
1.73068 -0.0857769 
0.696254 -1.12734 
-0.692209 2.21494 
-0.145958 -0.48587 
-0.69932 -0.145434 
0.464181 -0.0979285 
-1.36807 0.556283 
0.972041 1.44011 
-0.0274291 -0.105443 
0.495812 -0.281594 
-1.73381 -0.133169 
-1.03694 -0.595852 
-0.540599 0.292782 
2.45982 0.331405 
-0.514225 -1.11196 
-2.88137 0.547754 
